view 0:
[[ 0.999996  0.001532  0.002535 -0.000283]
 [-0.001553  0.999966  0.008117 -0.00188 ]
 [-0.002523 -0.008121  0.999964  0.000431]
 [ 0.        0.        0.        1.      ]]

view 1:
[[ 0.820425  0.518549 -0.240853  0.029529]
 [-0.219521  0.67465   0.704739 -0.016138]
 [ 0.527934 -0.525313  0.667332  0.124326]
 [ 0.        0.        0.        1.      ]]

view 2:
[[ 0.674622  0.2667   -0.6883    0.094378]
 [-0.233786  0.961644  0.143474 -0.00172 ]
 [ 0.700164  0.064124  0.711096  0.105735]
 [ 0.        0.        0.        1.      ]]

view 3:
[[ 0.785947 -0.195248  0.586656 -0.027981]
 [ 0.091217  0.975064  0.202312 -0.006626]
 [-0.611528 -0.105493  0.784159  0.163864]
 [ 0.        0.        0.        1.      ]]

view 4:
[[ 0.865229 -0.248607  0.4354   -0.036897]
 [ 0.049924  0.906813  0.418567 -0.000151]
 [-0.498885 -0.34042   0.797012  0.10975 ]
 [ 0.        0.        0.        1.      ]]

